            Time        V1        V2        V3        V4        V5        V6        V7        V8        V9       V10       V11       V12       V13       V14       V15       V16       V17       V18       V19       V20       V21       V22       V23       V24       V25       V26       V27       V28    Amount  Class
Time    1.000000  0.263358 -0.255465  0.209597 -0.196576  0.320502  0.143117  0.231853 -0.183096  0.152750  0.226530 -0.354721  0.302886 -0.165013  0.176452 -0.153736  0.275829  0.287232  0.309204 -0.087837 -0.002831 -0.068228  0.133427  0.062406 -0.025825 -0.167605 -0.042885 -0.186088  0.039952  0.048732    NaN
V1      0.263358  1.000000 -0.819226  0.907875 -0.562688  0.894968  0.223961  0.897609 -0.065787  0.631848  0.710112 -0.394137  0.481558 -0.119662  0.211217  0.159328  0.555452  0.606831  0.646210 -0.257132 -0.296280  0.083158 -0.043392 -0.064715 -0.195991 -0.090328  0.133522  0.271335  0.284370  0.048216    NaN
V2     -0.255465 -0.819226  1.000000 -0.876904  0.629688 -0.828391 -0.133373 -0.862983 -0.059535 -0.684573 -0.741085  0.506316 -0.571288  0.092512 -0.377940 -0.251141 -0.533731 -0.546153 -0.562368  0.129530  0.317072 -0.025126 -0.013726  0.199605  0.079638  0.139412 -0.054150 -0.254623 -0.056688 -0.272762    NaN
V3      0.209597  0.907875 -0.876904  1.000000 -0.723766  0.883689  0.383930  0.882312 -0.174837  0.733208  0.818243 -0.597534  0.650644 -0.170573  0.442773  0.208485  0.617902  0.633947  0.641160 -0.245012 -0.355431  0.127262 -0.082243 -0.053028 -0.075581 -0.102828  0.033203  0.193183  0.247184  0.089994    NaN
V4     -0.196576 -0.562688  0.629688 -0.723766  1.000000 -0.550242 -0.310530 -0.678238  0.099480 -0.818853 -0.726971  0.721682 -0.778764  0.196479 -0.643181 -0.212530 -0.614529 -0.605937 -0.582288  0.232063  0.306800 -0.179687  0.196026  0.056657 -0.026260 -0.086619  0.236842 -0.114434 -0.232332 -0.133795    NaN
V5      0.320502  0.894968 -0.828391  0.883689 -0.550242  1.000000  0.198775  0.839738 -0.207546  0.658322  0.764589 -0.444932  0.565416 -0.213756  0.261163  0.115591  0.663324  0.723799  0.745599 -0.393706 -0.314408  0.103431 -0.112837 -0.107258 -0.290589 -0.098699  0.129076  0.249589  0.251549 -0.052031    NaN
V6      0.143117  0.223961 -0.133373  0.383930 -0.310530  0.198775  1.000000  0.151266 -0.743021  0.256004  0.301981 -0.432451  0.423068 -0.237620  0.480686 -0.108935  0.331128  0.323536  0.266725 -0.181759 -0.068540  0.096851  0.004450  0.441265 -0.126380 -0.190253 -0.032648 -0.178559 -0.000370  0.228130    NaN
V7      0.231853  0.897609 -0.862983  0.882312 -0.678238  0.839738  0.151266  1.000000  0.133989  0.754725  0.859823 -0.528746  0.634749 -0.073331  0.331426  0.255876  0.681391  0.703087  0.731406 -0.302068 -0.391629  0.118698 -0.146239 -0.119346 -0.156862  0.089469  0.084987  0.326955  0.245928  0.201334    NaN
V8     -0.183096 -0.065787 -0.059535 -0.174837  0.099480 -0.207546 -0.743021  0.133989  1.000000 -0.058956 -0.021787  0.195576 -0.180089  0.378451 -0.223916  0.196214 -0.179295 -0.231418 -0.183130  0.238125 -0.051522 -0.124901  0.038024 -0.449208  0.125535  0.278903  0.063219  0.298508 -0.020636  0.036081    NaN
V9      0.152750  0.631848 -0.684573  0.733208 -0.818853  0.658322  0.256004  0.754725 -0.058956  1.000000  0.863966 -0.612541  0.710584 -0.120863  0.525165  0.201735  0.664103  0.713887  0.697095 -0.282247 -0.437320  0.309410 -0.345583 -0.088287 -0.078098  0.012611 -0.177040  0.236227  0.275593  0.132235    NaN
V10     0.226530  0.710112 -0.741085  0.818243 -0.726971  0.764589  0.301981  0.859823 -0.021787  0.863966  1.000000 -0.717507  0.834331 -0.133375  0.583963  0.233131  0.806637  0.803109  0.786508 -0.379002 -0.406363  0.219402 -0.301064 -0.086715 -0.114531  0.063821  0.002612  0.275581  0.275053  0.102922    NaN
V11    -0.354721 -0.394137  0.506316 -0.597534  0.721682 -0.444932 -0.432451 -0.528746  0.195576 -0.612541 -0.717507  1.000000 -0.889720  0.193956 -0.862044 -0.073477 -0.754492 -0.702651 -0.621476  0.377282  0.124486  0.079662  0.018205 -0.026682 -0.125512  0.011377  0.255362  0.180691 -0.046501 -0.135048    NaN
V12     0.302886  0.481558 -0.571288  0.650644 -0.778764  0.565416  0.423068  0.634749 -0.180089  0.710584  0.834331 -0.889720  1.000000 -0.225319  0.799822  0.112029  0.881703  0.842796  0.793753 -0.446262 -0.166945  0.015153 -0.159061 -0.004754 -0.044484  0.088122 -0.161540  0.041368  0.098781  0.128272    NaN
V13    -0.165013 -0.119662  0.092512 -0.170573  0.196479 -0.213756 -0.237620 -0.073331  0.378451 -0.120863 -0.133375  0.193956 -0.225319  1.000000 -0.119700 -0.038801 -0.241316 -0.262332 -0.245034  0.280309 -0.047012  0.007303  0.026393 -0.136068  0.086436  0.002881  0.084167  0.077636 -0.163073  0.020538    NaN
V14     0.176452  0.211217 -0.377940  0.442773 -0.643181  0.261163  0.480686  0.331426 -0.223916  0.525165  0.583963 -0.862044  0.799822 -0.119700  1.000000 -0.046211  0.657529  0.588939  0.498440 -0.302687  0.005427 -0.205771  0.121293  0.008118  0.177455 -0.109573 -0.293947 -0.229160 -0.107521  0.184339    NaN
V15    -0.153736  0.159328 -0.251141  0.208485 -0.212530  0.115591 -0.108935  0.255876  0.196214  0.201735  0.233131 -0.073477  0.112029 -0.038801 -0.046211  1.000000 -0.017829  0.035478  0.029728  0.358439 -0.222131  0.193518 -0.122795 -0.085012  0.032913 -0.019384  0.109354  0.244083  0.147568  0.128622    NaN
V16     0.275829  0.555452 -0.533731  0.617902 -0.614529  0.663324  0.331128  0.681391 -0.179295  0.664103  0.806637 -0.754492  0.881703 -0.241316  0.657529 -0.017829  1.000000  0.960153  0.944498 -0.690728 -0.131570 -0.099478 -0.130284 -0.016797 -0.201957  0.119072 -0.045213  0.032082  0.094293  0.049271    NaN
V17     0.287232  0.606831 -0.546153  0.633947 -0.605937  0.723799  0.323536  0.703087 -0.231418  0.713887  0.803109 -0.702651  0.842796 -0.262332  0.588939  0.035478  0.960153  1.000000  0.971492 -0.631315 -0.162447 -0.029474 -0.157757  0.006508 -0.248930  0.076931 -0.025080  0.057556  0.137060  0.033149    NaN
V18     0.309204  0.646210 -0.562368  0.641160 -0.582288  0.745599  0.266725  0.731406 -0.183130  0.697095  0.786508 -0.621476  0.793753 -0.245034  0.498440  0.029728  0.944498  0.971492  1.000000 -0.593407 -0.142464 -0.025526 -0.145423  0.013632 -0.275416  0.107299  0.010281  0.108567  0.176632  0.024395    NaN
V19    -0.087837 -0.257132  0.129530 -0.245012  0.232063 -0.393706 -0.181759 -0.302068  0.238125 -0.282247 -0.379002  0.377282 -0.446262  0.280309 -0.302687  0.358439 -0.690728 -0.631315 -0.593407  1.000000  0.007669  0.099868  0.163061  0.004586  0.252835 -0.231588  0.079378  0.038127 -0.079856  0.093466    NaN
V20    -0.002831 -0.296280  0.317072 -0.355431  0.306800 -0.314408 -0.068540 -0.391629 -0.051522 -0.437320 -0.406363  0.124486 -0.166945 -0.047012  0.005427 -0.222131 -0.131570 -0.162447 -0.142464  0.007669  1.000000 -0.630382  0.534961  0.163764 -0.020950  0.018644 -0.002523 -0.197776 -0.015904  0.045428    NaN
V21    -0.068228  0.083158 -0.025126  0.127262 -0.179687  0.103431  0.096851  0.118698 -0.124901  0.309410  0.219402  0.079662  0.015153  0.007303 -0.205771  0.193518 -0.099478 -0.029474 -0.025526  0.099868 -0.630382  1.000000 -0.852112  0.137923 -0.062336  0.152669  0.032343  0.378642  0.322953 -0.000834    NaN
V22     0.133427 -0.043392 -0.013726 -0.082243  0.196026 -0.112837  0.004450 -0.146239  0.038024 -0.345583 -0.301064  0.018205 -0.159061  0.026393  0.121293 -0.122795 -0.130284 -0.157757 -0.145423  0.163061  0.534961 -0.852112  1.000000  0.008029  0.123377 -0.302208  0.030270 -0.422951 -0.319007  0.004552    NaN
V23     0.062406 -0.064715  0.199605 -0.053028  0.056657 -0.107258  0.441265 -0.119346 -0.449208 -0.088287 -0.086715 -0.026682 -0.004754 -0.136068  0.008118 -0.085012 -0.016797  0.006508  0.013632  0.004586  0.163764  0.137923  0.008029  1.000000 -0.057896  0.111338  0.045107 -0.203910  0.075497 -0.166725    NaN
V24    -0.025825 -0.195991  0.079638 -0.075581 -0.026260 -0.290589 -0.126380 -0.156862  0.125535 -0.078098 -0.114531 -0.125512 -0.044484  0.086436  0.177455  0.032913 -0.201957 -0.248930 -0.275416  0.252835 -0.020950 -0.062336  0.123377 -0.057896  1.000000 -0.130342 -0.231502 -0.295395 -0.053794  0.083108    NaN
V25    -0.167605 -0.090328  0.139412 -0.102828 -0.086619 -0.098699 -0.190253  0.089469  0.278903  0.012611  0.063821  0.011377  0.088122  0.002881 -0.109573 -0.019384  0.119072  0.076931  0.107299 -0.231588  0.018644  0.152669 -0.302208  0.111338 -0.130342  1.000000  0.118345  0.249821  0.215974 -0.128156    NaN
V26    -0.042885  0.133522 -0.054150  0.033203  0.236842  0.129076 -0.032648  0.084987  0.063219 -0.177040  0.002612  0.255362 -0.161540  0.084167 -0.293947  0.109354 -0.045213 -0.025080  0.010281  0.079378 -0.002523  0.032343  0.030270  0.045107 -0.231502  0.118345  1.000000  0.256473  0.031997 -0.077508    NaN
V27    -0.186088  0.271335 -0.254623  0.193183 -0.114434  0.249589 -0.178559  0.326955  0.298508  0.236227  0.275581  0.180691  0.041368  0.077636 -0.229160  0.244083  0.032082  0.057556  0.108567  0.038127 -0.197776  0.378642 -0.422951 -0.203910 -0.295395  0.249821  0.256473  1.000000  0.279621  0.095961    NaN
V28     0.039952  0.284370 -0.056688  0.247184 -0.232332  0.251549 -0.000370  0.245928 -0.020636  0.275593  0.275053 -0.046501  0.098781 -0.163073 -0.107521  0.147568  0.094293  0.137060  0.176632 -0.079856 -0.015904  0.322953 -0.319007  0.075497 -0.053794  0.215974  0.031997  0.279621  1.000000 -0.118918    NaN
Amount  0.048732  0.048216 -0.272762  0.089994 -0.133795 -0.052031  0.228130  0.201334  0.036081  0.132235  0.102922 -0.135048  0.128272  0.020538  0.184339  0.128622  0.049271  0.033149  0.024395  0.093466  0.045428 -0.000834  0.004552 -0.166725  0.083108 -0.128156 -0.077508  0.095961 -0.118918  1.000000    NaN
Class        NaN       NaN       NaN       NaN       NaN       NaN       NaN       NaN       NaN       NaN       NaN       NaN       NaN       NaN       NaN       NaN       NaN       NaN       NaN       NaN       NaN       NaN       NaN       NaN       NaN       NaN       NaN       NaN       NaN       NaN    NaN
            Time        V1        V2        V3        V4        V5        V6            V7        V8        V9       V10       V11       V12       V13       V14       V15       V16       V17       V18       V19       V20       V21       V22       V23       V24       V25           V26       V27       V28    Amount  Class
Time    1.000000  0.116489 -0.008408 -0.441001 -0.104329  0.172963 -0.064131  8.417234e-02 -0.035954 -0.010577  0.027343 -0.248900  0.125597 -0.065773 -0.111185 -0.183583  0.007657 -0.092432  0.088770  0.029831 -0.050802  0.047081  0.144257  0.051167 -0.016259 -0.233290 -4.135318e-02 -0.003859 -0.009442 -0.010634    NaN
V1      0.116489  1.000000  0.022537 -0.047511  0.020927 -0.031465 -0.006405 -5.356252e-02  0.004444 -0.018962 -0.043521  0.022628 -0.042748  0.000335 -0.039432 -0.001545 -0.036434 -0.072388 -0.025460  0.006555  0.005222  0.001542  0.000627  0.000720  0.000269  0.001181 -3.337293e-04 -0.003843 -0.001883 -0.231250    NaN
V2     -0.008408  0.022537  1.000000  0.037855 -0.018318  0.023772  0.004879  4.203396e-02 -0.000308  0.016215  0.036616 -0.020669  0.038138 -0.000043  0.038006  0.001695  0.029876  0.057156  0.019407 -0.004332 -0.004371 -0.003208  0.000054 -0.002049  0.000359 -0.001272 -1.713001e-04  0.002333 -0.000455 -0.536546    NaN
V3     -0.441001 -0.047511  0.037855  1.000000  0.039621 -0.048840 -0.013294 -8.485279e-02  0.012717 -0.033957 -0.077708  0.045074 -0.082218  0.000675 -0.082701 -0.002861 -0.064728 -0.123916 -0.041710  0.010916  0.009277  0.002536  0.001591  0.000592 -0.000909  0.001990  6.214473e-04 -0.002033 -0.001536 -0.219130    NaN
V4     -0.104329  0.020927 -0.018318  0.039621  1.000000  0.020792  0.007452  4.128382e-02 -0.004830  0.019998  0.042680 -0.028149  0.050820 -0.000155  0.054611  0.001436  0.037544  0.070029  0.022579 -0.006279 -0.004627 -0.002162 -0.001545 -0.000146  0.001056  0.000022 -1.424070e-03 -0.001003  0.000076  0.099802    NaN
V5      0.172963 -0.031465  0.023772 -0.048840  0.020792  1.000000 -0.006130 -5.411916e-02  0.010285 -0.019872 -0.046404  0.023374 -0.045660  0.001180 -0.039806 -0.001316 -0.040479 -0.081834 -0.028880  0.008482  0.005711  0.000190  0.001672  0.001603  0.000992  0.001354 -4.320713e-04 -0.004159 -0.001932 -0.392782    NaN
V6     -0.064131 -0.006405  0.004879 -0.013294  0.007452 -0.006130  1.000000 -1.083798e-02  0.011390 -0.005735 -0.013322  0.009688 -0.017078  0.000436 -0.019693  0.000117 -0.012584 -0.023465 -0.007223  0.002360  0.001171  0.000552  0.000013 -0.002824 -0.000057  0.000848  2.721747e-04  0.002261  0.000420  0.216433    NaN
V7      0.084172 -0.053563  0.042034 -0.084853  0.041284 -0.054119 -0.010838  1.000000e+00 -0.004257 -0.037696 -0.087096  0.045930 -0.087163 -0.000040 -0.080338 -0.003931 -0.073046 -0.141877 -0.049440  0.012917  0.011200  0.001388  0.003348  0.002671 -0.000012 -0.000794 -5.954729e-07 -0.008393 -0.002432  0.416628    NaN
V8     -0.035954  0.004444 -0.000308  0.012717 -0.004830  0.010285  0.011390 -4.257049e-03  1.000000  0.003386  0.005664 -0.008506  0.014594 -0.004153  0.017418 -0.002189  0.012467  0.029335  0.008826 -0.005281  0.000499  0.005968 -0.000810  0.011596 -0.000932 -0.004385 -7.163256e-04 -0.010754  0.000151 -0.106694    NaN
V9     -0.010577 -0.018962  0.016215 -0.033957  0.019998 -0.019872 -0.005735 -3.769580e-02  0.003386  1.000000 -0.038394  0.022045 -0.041040  0.000081 -0.041854 -0.001335 -0.032174 -0.062855 -0.020898  0.005567  0.005022 -0.002533  0.002909  0.000623 -0.000449  0.000250  1.126413e-03 -0.001473 -0.000871 -0.044684    NaN
V10     0.027343 -0.043521  0.036616 -0.077708  0.042680 -0.046404 -0.013322 -8.709577e-02  0.005664 -0.038394  1.000000  0.051221 -0.095612  0.000164 -0.095809 -0.003124 -0.076076 -0.144321 -0.048053  0.013726  0.010321 -0.000211  0.005219  0.001174 -0.000846 -0.000041  9.886339e-04 -0.003665 -0.001536 -0.105611    NaN
V11    -0.248900  0.022628 -0.020669  0.045074 -0.028149  0.023374  0.009688  4.592982e-02 -0.008506  0.022045  0.051221  1.000000  0.063643 -0.000271  0.070004  0.001056  0.048102  0.088546  0.027956 -0.008807 -0.004183 -0.008521 -0.000301  0.000739  0.001632 -0.000603 -1.855144e-03 -0.005671 -0.001152 -0.000144    NaN
V12     0.125597 -0.042748  0.038138 -0.082218  0.050820 -0.045660 -0.017078 -8.716264e-02  0.014594 -0.041040 -0.095612  0.063643  1.000000  0.000865 -0.121573 -0.002257 -0.090493 -0.168632 -0.054942  0.016812  0.008034  0.010725  0.003014 -0.000641 -0.001669 -0.000233  2.571123e-03  0.003683  0.001240 -0.009663    NaN
V13    -0.065773  0.000335 -0.000043  0.000675 -0.000155  0.001180  0.000436 -4.038693e-05 -0.004153  0.000081  0.000164 -0.000271  0.000865  1.000000 -0.000386  0.000066  0.001183  0.002983  0.001132 -0.000860  0.000250  0.000114 -0.000101  0.000651 -0.000174  0.000007 -1.374079e-04 -0.000431  0.000563  0.005289    NaN
V14    -0.111185 -0.039432  0.038006 -0.082701  0.054611 -0.039806 -0.019693 -8.033833e-02  0.017418 -0.041854 -0.095809  0.070004 -0.121573 -0.000386  1.000000 -0.000931 -0.090809 -0.164957 -0.051120  0.016028  0.006441  0.022565 -0.001802 -0.001044 -0.003582  0.002455  3.811463e-03  0.012248  0.004564  0.036399    NaN
V15    -0.183583 -0.001545  0.001695 -0.002861  0.001436 -0.001316  0.000117 -3.931291e-03 -0.002189 -0.001335 -0.003124  0.001056 -0.002257  0.000066 -0.000931  1.000000 -0.000701 -0.002220 -0.000686 -0.001200  0.000856 -0.001895  0.000506  0.000417 -0.000086  0.000073 -1.930820e-04 -0.001590 -0.000445 -0.003230    NaN
V16     0.007657 -0.036434  0.029876 -0.064728  0.037544 -0.040479 -0.012584 -7.304614e-02  0.012467 -0.032174 -0.076076  0.048102 -0.090493  0.001183 -0.090809 -0.000701  1.000000 -0.146119 -0.049362  0.017477  0.005930  0.012701  0.002291 -0.000214 -0.000116 -0.000764  1.259256e-03  0.002751  0.000713 -0.003312    NaN
V17    -0.092432 -0.072388  0.057156 -0.123916  0.070029 -0.081834 -0.023465 -1.418766e-01  0.029335 -0.062855 -0.144321  0.088546 -0.168632  0.002983 -0.164957 -0.002220 -0.146119  1.000000 -0.096829  0.032165  0.012028  0.017906  0.005533 -0.001266  0.000727 -0.000665  2.045277e-03  0.003394 -0.000116  0.009839    NaN
V18     0.088770 -0.025460  0.019407 -0.041710  0.022579 -0.028880 -0.007223 -4.944036e-02  0.008826 -0.020898 -0.048053  0.027956 -0.054942  0.001132 -0.051120 -0.000686 -0.049362 -0.096829  1.000000  0.010791  0.003798  0.005536  0.001915 -0.000516  0.000604 -0.000621  4.445141e-04 -0.000255 -0.000697  0.036775    NaN
V19     0.029831  0.006555 -0.004332  0.010916 -0.006279  0.008482  0.002360  1.291659e-02 -0.005281  0.005567  0.013726 -0.008807  0.016812 -0.000860  0.016028 -0.001200  0.017477  0.032165  0.010791  1.000000 -0.000747 -0.003213 -0.001131  0.000056 -0.000453  0.001046 -4.100269e-04 -0.001050  0.000101 -0.056922    NaN
V20    -0.050802  0.005222 -0.004371  0.009277 -0.004627  0.005711  0.001171  1.119956e-02  0.000499  0.005022  0.010321 -0.004183  0.008034  0.000250  0.006441  0.000856  0.005930  0.012028  0.003798 -0.000747  1.000000  0.009451 -0.003356 -0.001204  0.000199 -0.000153 -8.238143e-05  0.001701 -0.000113  0.340429    NaN
V21     0.047081  0.001542 -0.003208  0.002536 -0.002162  0.000190  0.000552  1.387567e-03  0.005968 -0.002533 -0.000211 -0.008521  0.010725  0.000114  0.022565 -0.001895  0.012701  0.017906  0.005536 -0.003213  0.009451  1.000000  0.016374 -0.003156  0.000794 -0.002317 -4.797658e-04 -0.012891 -0.005396  0.108597    NaN
V22     0.144257  0.000627  0.000054  0.001591 -0.001545  0.001672  0.000013  3.347788e-03 -0.000810  0.002909  0.005219 -0.000301  0.003014 -0.000101 -0.001802  0.000506  0.002291  0.005533  0.001915 -0.001131 -0.003356  0.016374  1.000000 -0.000071 -0.000369  0.001648 -1.092030e-04  0.005180  0.001882 -0.065120    NaN
V23     0.051167  0.000720 -0.002049  0.000592 -0.000146  0.001603 -0.002824  2.671333e-03  0.011596  0.000623  0.001174  0.000739 -0.000641  0.000651 -0.001044  0.000417 -0.000214 -0.001266 -0.000516  0.000056 -0.001204 -0.003156 -0.000071  1.000000  0.000197 -0.000739 -1.816002e-04  0.003130 -0.000524 -0.112598    NaN
V24    -0.016259  0.000269  0.000359 -0.000909  0.001056  0.000992 -0.000057 -1.162537e-05 -0.000932 -0.000449 -0.000846  0.001632 -0.001669 -0.000174 -0.003582 -0.000086 -0.000116  0.000727  0.000604 -0.000453  0.000199  0.000794 -0.000369  0.000197  1.000000  0.000317  3.650335e-04  0.001623  0.000200  0.005070    NaN
V25    -0.233290  0.001181 -0.001272  0.001990  0.000022  0.001354  0.000848 -7.944004e-04 -0.004385  0.000250 -0.000041 -0.000603 -0.000233  0.000007  0.002455  0.000073 -0.000764 -0.000665 -0.000621  0.001046 -0.000153 -0.002317  0.001648 -0.000739  0.000317  1.000000 -3.208486e-04 -0.002333 -0.000980 -0.047649    NaN
V26    -0.041353 -0.000334 -0.000171  0.000621 -0.001424 -0.000432  0.000272 -5.954729e-07 -0.000716  0.001126  0.000989 -0.001855  0.002571 -0.000137  0.003811 -0.000193  0.001259  0.002045  0.000445 -0.000410 -0.000082 -0.000480 -0.000109 -0.000182  0.000365 -0.000321  1.000000e+00 -0.001571 -0.000132 -0.003104    NaN
V27    -0.003859 -0.003843  0.002333 -0.002033 -0.001003 -0.004159  0.002261 -8.392531e-03 -0.010754 -0.001473 -0.003665 -0.005671  0.003683 -0.000431  0.012248 -0.001590  0.002751  0.003394 -0.000255 -0.001050  0.001701 -0.012891  0.005180  0.003130  0.001623 -0.002333 -1.570876e-03  1.000000 -0.002931  0.028465    NaN
V28    -0.009442 -0.001883 -0.000455 -0.001536  0.000076 -0.001932  0.000420 -2.431652e-03  0.000151 -0.000871 -0.001536 -0.001152  0.001240  0.000563  0.004564 -0.000445  0.000713 -0.000116 -0.000697  0.000101 -0.000113 -0.005396  0.001882 -0.000524  0.000200 -0.000980 -1.323781e-04 -0.002931  1.000000  0.010589    NaN
Amount -0.010634 -0.231250 -0.536546 -0.219130  0.099802 -0.392782  0.216433  4.166284e-01 -0.106694 -0.044684 -0.105611 -0.000144 -0.009663  0.005289  0.036399 -0.003230 -0.003312  0.009839  0.036775 -0.056922  0.340429  0.108597 -0.065120 -0.112598  0.005070 -0.047649 -3.104459e-03  0.028465  0.010589  1.000000    NaN
Class        NaN       NaN       NaN       NaN       NaN       NaN       NaN           NaN       NaN       NaN       NaN       NaN       NaN       NaN       NaN       NaN       NaN       NaN       NaN       NaN       NaN       NaN       NaN       NaN       NaN       NaN           NaN       NaN       NaN       NaN    NaN

functions called:
filename: /Library/Frameworks/Python.framework/Versions/3.5/lib/python3.5/__future__.py, modulename: __future__, funcname: <module>
filename: /Library/Frameworks/Python.framework/Versions/3.5/lib/python3.5/__future__.py, modulename: __future__, funcname: _Feature
filename: /Library/Frameworks/Python.framework/Versions/3.5/lib/python3.5/__future__.py, modulename: __future__, funcname: _Feature.__init__
filename: /Library/Frameworks/Python.framework/Versions/3.5/lib/python3.5/_bootlocale.py, modulename: _bootlocale, funcname: getpreferredencoding
filename: /Library/Frameworks/Python.framework/Versions/3.5/lib/python3.5/_collections_abc.py, modulename: _collections_abc, funcname: <genexpr>
filename: /Library/Frameworks/Python.framework/Versions/3.5/lib/python3.5/_collections_abc.py, modulename: _collections_abc, funcname: Mapping.__contains__
filename: /Library/Frameworks/Python.framework/Versions/3.5/lib/python3.5/_collections_abc.py, modulename: _collections_abc, funcname: Mapping.get
filename: /Library/Frameworks/Python.framework/Versions/3.5/lib/python3.5/_collections_abc.py, modulename: _collections_abc, funcname: __subclasshook__
filename: /Library/Frameworks/Python.framework/Versions/3.5/lib/python3.5/_compression.py, modulename: _compression, funcname: <module>
filename: /Library/Frameworks/Python.framework/Versions/3.5/lib/python3.5/_compression.py, modulename: _compression, funcname: BaseStream
filename: /Library/Frameworks/Python.framework/Versions/3.5/lib/python3.5/_compression.py, modulename: _compression, funcname: DecompressReader
filename: /Library/Frameworks/Python.framework/Versions/3.5/lib/python3.5/_weakrefset.py, modulename: _weakrefset, funcname: WeakSet.__contains__
filename: /Library/Frameworks/Python.framework/Versions/3.5/lib/python3.5/_weakrefset.py, modulename: _weakrefset, funcname: WeakSet.__init__
filename: /Library/Frameworks/Python.framework/Versions/3.5/lib/python3.5/_weakrefset.py, modulename: _weakrefset, funcname: WeakSet.__iter__
filename: /Library/Frameworks/Python.framework/Versions/3.5/lib/python3.5/_weakrefset.py, modulename: _weakrefset, funcname: WeakSet._commit_removals
filename: /Library/Frameworks/Python.framework/Versions/3.5/lib/python3.5/_weakrefset.py, modulename: _weakrefset, funcname: WeakSet.add
filename: /Library/Frameworks/Python.framework/Versions/3.5/lib/python3.5/_weakrefset.py, modulename: _weakrefset, funcname: _IterationGuard.__enter__
filename: /Library/Frameworks/Python.framework/Versions/3.5/lib/python3.5/_weakrefset.py, modulename: _weakrefset, funcname: _IterationGuard.__exit__
filename: /Library/Frameworks/Python.framework/Versions/3.5/lib/python3.5/_weakrefset.py, modulename: _weakrefset, funcname: _IterationGuard.__init__
filename: /Library/Frameworks/Python.framework/Versions/3.5/lib/python3.5/abc.py, modulename: abc, funcname: <setcomp>
filename: /Library/Frameworks/Python.framework/Versions/3.5/lib/python3.5/abc.py, modulename: abc, funcname: ABCMeta.__instancecheck__
filename: /Library/Frameworks/Python.framework/Versions/3.5/lib/python3.5/abc.py, modulename: abc, funcname: ABCMeta.__subclasscheck__
filename: /Library/Frameworks/Python.framework/Versions/3.5/lib/python3.5/abc.py, modulename: abc, funcname: ABCMeta.register
filename: /Library/Frameworks/Python.framework/Versions/3.5/lib/python3.5/abc.py, modulename: abc, funcname: __new__
filename: /Library/Frameworks/Python.framework/Versions/3.5/lib/python3.5/abc.py, modulename: abc, funcname: abstractmethod
filename: /Library/Frameworks/Python.framework/Versions/3.5/lib/python3.5/argparse.py, modulename: argparse, funcname: <module>
filename: /Library/Frameworks/Python.framework/Versions/3.5/lib/python3.5/argparse.py, modulename: argparse, funcname: Action
filename: /Library/Frameworks/Python.framework/Versions/3.5/lib/python3.5/argparse.py, modulename: argparse, funcname: ArgumentDefaultsHelpFormatter
filename: /Library/Frameworks/Python.framework/Versions/3.5/lib/python3.5/argparse.py, modulename: argparse, funcname: ArgumentError
filename: /Library/Frameworks/Python.framework/Versions/3.5/lib/python3.5/argparse.py, modulename: argparse, funcname: ArgumentParser
filename: /Library/Frameworks/Python.framework/Versions/3.5/lib/python3.5/argparse.py, modulename: argparse, funcname: ArgumentTypeError
filename: /Library/Frameworks/Python.framework/Versions/3.5/lib/python3.5/argparse.py, modulename: argparse, funcname: FileType
filename: /Library/Frameworks/Python.framework/Versions/3.5/lib/python3.5/argparse.py, modulename: argparse, funcname: HelpFormatter
filename: /Library/Frameworks/Python.framework/Versions/3.5/lib/python3.5/argparse.py, modulename: argparse, funcname: MetavarTypeHelpFormatter
filename: /Library/Frameworks/Python.framework/Versions/3.5/lib/python3.5/argparse.py, modulename: argparse, funcname: Namespace
filename: /Library/Frameworks/Python.framework/Versions/3.5/lib/python3.5/argparse.py, modulename: argparse, funcname: RawDescriptionHelpFormatter
filename: /Library/Frameworks/Python.framework/Versions/3.5/lib/python3.5/argparse.py, modulename: argparse, funcname: RawTextHelpFormatter
filename: /Library/Frameworks/Python.framework/Versions/3.5/lib/python3.5/argparse.py, modulename: argparse, funcname: _ActionsContainer
filename: /Library/Frameworks/Python.framework/Versions/3.5/lib/python3.5/argparse.py, modulename: argparse, funcname: _AppendAction
filename: /Library/Frameworks/Python.framework/Versions/3.5/lib/python3.5/argparse.py, modulename: argparse, funcname: _AppendConstAction
filename: /Library/Frameworks/Python.framework/Versions/3.5/lib/python3.5/argparse.py, modulename: argparse, funcname: _ArgumentGroup
filename: /Library/Frameworks/Python.framework/Versions/3.5/lib/python3.5/argparse.py, modulename: argparse, funcname: _AttributeHolder
filename: /Library/Frameworks/Python.framework/Versions/3.5/lib/python3.5/argparse.py, modulename: argparse, funcname: _ChoicesPseudoAction
filename: /Library/Frameworks/Python.framework/Versions/3.5/lib/python3.5/argparse.py, modulename: argparse, funcname: _CountAction
filename: /Library/Frameworks/Python.framework/Versions/3.5/lib/python3.5/argparse.py, modulename: argparse, funcname: _HelpAction
filename: /Library/Frameworks/Python.framework/Versions/3.5/lib/python3.5/argparse.py, modulename: argparse, funcname: _MutuallyExclusiveGroup
filename: /Library/Frameworks/Python.framework/Versions/3.5/lib/python3.5/argparse.py, modulename: argparse, funcname: _Section
filename: /Library/Frameworks/Python.framework/Versions/3.5/lib/python3.5/argparse.py, modulename: argparse, funcname: _StoreAction
filename: /Library/Frameworks/Python.framework/Versions/3.5/lib/python3.5/argparse.py, modulename: argparse, funcname: _StoreConstAction
filename: /Library/Frameworks/Python.framework/Versions/3.5/lib/python3.5/argparse.py, modulename: argparse, funcname: _StoreFalseAction
filename: /Library/Frameworks/Python.framework/Versions/3.5/lib/python3.5/argparse.py, modulename: argparse, funcname: _StoreTrueAction
filename: /Library/Frameworks/Python.framework/Versions/3.5/lib/python3.5/argparse.py, modulename: argparse, funcname: _SubParsersAction
filename: /Library/Frameworks/Python.framework/Versions/3.5/lib/python3.5/argparse.py, modulename: argparse, funcname: _VersionAction
filename: /Library/Frameworks/Python.framework/Versions/3.5/lib/python3.5/base64.py, modulename: base64, funcname: <module>
filename: /Library/Frameworks/Python.framework/Versions/3.5/lib/python3.5/bisect.py, modulename: bisect, funcname: <module>
filename: /Library/Frameworks/Python.framework/Versions/3.5/lib/python3.5/bz2.py, modulename: bz2, funcname: <module>
filename: /Library/Frameworks/Python.framework/Versions/3.5/lib/python3.5/bz2.py, modulename: bz2, funcname: BZ2File
filename: /Library/Frameworks/Python.framework/Versions/3.5/lib/python3.5/calendar.py, modulename: calendar, funcname: <lambda>
filename: /Library/Frameworks/Python.framework/Versions/3.5/lib/python3.5/calendar.py, modulename: calendar, funcname: <listcomp>
filename: /Library/Frameworks/Python.framework/Versions/3.5/lib/python3.5/calendar.py, modulename: calendar, funcname: <module>
filename: /Library/Frameworks/Python.framework/Versions/3.5/lib/python3.5/calendar.py, modulename: calendar, funcname: Calendar
filename: /Library/Frameworks/Python.framework/Versions/3.5/lib/python3.5/calendar.py, modulename: calendar, funcname: Calendar.__init__
filename: /Library/Frameworks/Python.framework/Versions/3.5/lib/python3.5/calendar.py, modulename: calendar, funcname: Calendar.setfirstweekday
filename: /Library/Frameworks/Python.framework/Versions/3.5/lib/python3.5/calendar.py, modulename: calendar, funcname: HTMLCalendar
filename: /Library/Frameworks/Python.framework/Versions/3.5/lib/python3.5/calendar.py, modulename: calendar, funcname: IllegalMonthError
filename: /Library/Frameworks/Python.framework/Versions/3.5/lib/python3.5/calendar.py, modulename: calendar, funcname: IllegalWeekdayError
filename: /Library/Frameworks/Python.framework/Versions/3.5/lib/python3.5/calendar.py, modulename: calendar, funcname: LocaleHTMLCalendar
filename: /Library/Frameworks/Python.framework/Versions/3.5/lib/python3.5/calendar.py, modulename: calendar, funcname: LocaleTextCalendar
filename: /Library/Frameworks/Python.framework/Versions/3.5/lib/python3.5/calendar.py, modulename: calendar, funcname: TextCalendar
filename: /Library/Frameworks/Python.framework/Versions/3.5/lib/python3.5/calendar.py, modulename: calendar, funcname: _localized_day
filename: /Library/Frameworks/Python.framework/Versions/3.5/lib/python3.5/calendar.py, modulename: calendar, funcname: _localized_day.__getitem__
filename: /Library/Frameworks/Python.framework/Versions/3.5/lib/python3.5/calendar.py, modulename: calendar, funcname: _localized_day.__init__
filename: /Library/Frameworks/Python.framework/Versions/3.5/lib/python3.5/calendar.py, modulename: calendar, funcname: _localized_month
filename: /Library/Frameworks/Python.framework/Versions/3.5/lib/python3.5/calendar.py, modulename: calendar, funcname: _localized_month.__getitem__
filename: /Library/Frameworks/Python.framework/Versions/3.5/lib/python3.5/calendar.py, modulename: calendar, funcname: _localized_month.__init__
filename: /Library/Frameworks/Python.framework/Versions/3.5/lib/python3.5/calendar.py, modulename: calendar, funcname: different_locale
filename: /Library/Frameworks/Python.framework/Versions/3.5/lib/python3.5/codecs.py, modulename: codecs, funcname: BufferedIncrementalDecoder.__init__
filename: /Library/Frameworks/Python.framework/Versions/3.5/lib/python3.5/codecs.py, modulename: codecs, funcname: BufferedIncrementalDecoder.decode
filename: /Library/Frameworks/Python.framework/Versions/3.5/lib/python3.5/codecs.py, modulename: codecs, funcname: IncrementalDecoder.__init__
filename: /Library/Frameworks/Python.framework/Versions/3.5/lib/python3.5/codecs.py, modulename: codecs, funcname: IncrementalEncoder.__init__
filename: /Library/Frameworks/Python.framework/Versions/3.5/lib/python3.5/collections/__init__.py, modulename: __init__, funcname: <genexpr>
filename: /Library/Frameworks/Python.framework/Versions/3.5/lib/python3.5/collections/__init__.py, modulename: __init__, funcname: namedtuple
filename: /Library/Frameworks/Python.framework/Versions/3.5/lib/python3.5/contextlib.py, modulename: contextlib, funcname: _GeneratorContextManager.__enter__
filename: /Library/Frameworks/Python.framework/Versions/3.5/lib/python3.5/contextlib.py, modulename: contextlib, funcname: _GeneratorContextManager.__exit__
filename: /Library/Frameworks/Python.framework/Versions/3.5/lib/python3.5/contextlib.py, modulename: contextlib, funcname: _GeneratorContextManager.__init__
filename: /Library/Frameworks/Python.framework/Versions/3.5/lib/python3.5/contextlib.py, modulename: contextlib, funcname: contextmanager
filename: /Library/Frameworks/Python.framework/Versions/3.5/lib/python3.5/contextlib.py, modulename: contextlib, funcname: helper
filename: /Library/Frameworks/Python.framework/Versions/3.5/lib/python3.5/copy.py, modulename: copy, funcname: _copy_with_constructor
filename: /Library/Frameworks/Python.framework/Versions/3.5/lib/python3.5/copy.py, modulename: copy, funcname: _deepcopy_atomic
filename: /Library/Frameworks/Python.framework/Versions/3.5/lib/python3.5/copy.py, modulename: copy, funcname: _deepcopy_dict
filename: /Library/Frameworks/Python.framework/Versions/3.5/lib/python3.5/copy.py, modulename: copy, funcname: _keep_alive
filename: /Library/Frameworks/Python.framework/Versions/3.5/lib/python3.5/copy.py, modulename: copy, funcname: _reconstruct
filename: /Library/Frameworks/Python.framework/Versions/3.5/lib/python3.5/copy.py, modulename: copy, funcname: copy
filename: /Library/Frameworks/Python.framework/Versions/3.5/lib/python3.5/copy.py, modulename: copy, funcname: deepcopy
filename: /Library/Frameworks/Python.framework/Versions/3.5/lib/python3.5/copyreg.py, modulename: copyreg, funcname: __newobj__
filename: /Library/Frameworks/Python.framework/Versions/3.5/lib/python3.5/copyreg.py, modulename: copyreg, funcname: _slotnames
filename: /Library/Frameworks/Python.framework/Versions/3.5/lib/python3.5/copyreg.py, modulename: copyreg, funcname: constructor
filename: /Library/Frameworks/Python.framework/Versions/3.5/lib/python3.5/copyreg.py, modulename: copyreg, funcname: pickle
filename: /Library/Frameworks/Python.framework/Versions/3.5/lib/python3.5/csv.py, modulename: csv, funcname: <module>
filename: /Library/Frameworks/Python.framework/Versions/3.5/lib/python3.5/csv.py, modulename: csv, funcname: Dialect
filename: /Library/Frameworks/Python.framework/Versions/3.5/lib/python3.5/csv.py, modulename: csv, funcname: DictReader
filename: /Library/Frameworks/Python.framework/Versions/3.5/lib/python3.5/csv.py, modulename: csv, funcname: DictWriter
filename: /Library/Frameworks/Python.framework/Versions/3.5/lib/python3.5/csv.py, modulename: csv, funcname: Sniffer
filename: /Library/Frameworks/Python.framework/Versions/3.5/lib/python3.5/csv.py, modulename: csv, funcname: excel
filename: /Library/Frameworks/Python.framework/Versions/3.5/lib/python3.5/csv.py, modulename: csv, funcname: excel_tab
filename: /Library/Frameworks/Python.framework/Versions/3.5/lib/python3.5/csv.py, modulename: csv, funcname: unix_dialect
filename: /Library/Frameworks/Python.framework/Versions/3.5/lib/python3.5/ctypes/__init__.py, modulename: __init__, funcname: <module>
filename: /Library/Frameworks/Python.framework/Versions/3.5/lib/python3.5/ctypes/__init__.py, modulename: __init__, funcname: CDLL
filename: /Library/Frameworks/Python.framework/Versions/3.5/lib/python3.5/ctypes/__init__.py, modulename: __init__, funcname: CDLL.__init__
filename: /Library/Frameworks/Python.framework/Versions/3.5/lib/python3.5/ctypes/__init__.py, modulename: __init__, funcname: CFUNCTYPE
filename: /Library/Frameworks/Python.framework/Versions/3.5/lib/python3.5/ctypes/__init__.py, modulename: __init__, funcname: CFunctionType
filename: /Library/Frameworks/Python.framework/Versions/3.5/lib/python3.5/ctypes/__init__.py, modulename: __init__, funcname: LibraryLoader
filename: /Library/Frameworks/Python.framework/Versions/3.5/lib/python3.5/ctypes/__init__.py, modulename: __init__, funcname: LibraryLoader.__init__
filename: /Library/Frameworks/Python.framework/Versions/3.5/lib/python3.5/ctypes/__init__.py, modulename: __init__, funcname: PYFUNCTYPE
filename: /Library/Frameworks/Python.framework/Versions/3.5/lib/python3.5/ctypes/__init__.py, modulename: __init__, funcname: PyDLL
filename: /Library/Frameworks/Python.framework/Versions/3.5/lib/python3.5/ctypes/__init__.py, modulename: __init__, funcname: _FuncPtr
filename: /Library/Frameworks/Python.framework/Versions/3.5/lib/python3.5/ctypes/__init__.py, modulename: __init__, funcname: _check_size
filename: /Library/Frameworks/Python.framework/Versions/3.5/lib/python3.5/ctypes/__init__.py, modulename: __init__, funcname: _reset_cache
filename: /Library/Frameworks/Python.framework/Versions/3.5/lib/python3.5/ctypes/__init__.py, modulename: __init__, funcname: c_bool
filename: /Library/Frameworks/Python.framework/Versions/3.5/lib/python3.5/ctypes/__init__.py, modulename: __init__, funcname: c_byte
filename: /Library/Frameworks/Python.framework/Versions/3.5/lib/python3.5/ctypes/__init__.py, modulename: __init__, funcname: c_char
filename: /Library/Frameworks/Python.framework/Versions/3.5/lib/python3.5/ctypes/__init__.py, modulename: __init__, funcname: c_char_p
filename: /Library/Frameworks/Python.framework/Versions/3.5/lib/python3.5/ctypes/__init__.py, modulename: __init__, funcname: c_double
filename: /Library/Frameworks/Python.framework/Versions/3.5/lib/python3.5/ctypes/__init__.py, modulename: __init__, funcname: c_float
filename: /Library/Frameworks/Python.framework/Versions/3.5/lib/python3.5/ctypes/__init__.py, modulename: __init__, funcname: c_int
filename: /Library/Frameworks/Python.framework/Versions/3.5/lib/python3.5/ctypes/__init__.py, modulename: __init__, funcname: c_long
filename: /Library/Frameworks/Python.framework/Versions/3.5/lib/python3.5/ctypes/__init__.py, modulename: __init__, funcname: c_longdouble
filename: /Library/Frameworks/Python.framework/Versions/3.5/lib/python3.5/ctypes/__init__.py, modulename: __init__, funcname: c_short
filename: /Library/Frameworks/Python.framework/Versions/3.5/lib/python3.5/ctypes/__init__.py, modulename: __init__, funcname: c_ubyte
filename: /Library/Frameworks/Python.framework/Versions/3.5/lib/python3.5/ctypes/__init__.py, modulename: __init__, funcname: c_uint
filename: /Library/Frameworks/Python.framework/Versions/3.5/lib/python3.5/ctypes/__init__.py, modulename: __init__, funcname: c_ulong
filename: /Library/Frameworks/Python.framework/Versions/3.5/lib/python3.5/ctypes/__init__.py, modulename: __init__, funcname: c_ushort
filename: /Library/Frameworks/Python.framework/Versions/3.5/lib/python3.5/ctypes/__init__.py, modulename: __init__, funcname: c_void_p
filename: /Library/Frameworks/Python.framework/Versions/3.5/lib/python3.5/ctypes/__init__.py, modulename: __init__, funcname: c_wchar
filename: /Library/Frameworks/Python.framework/Versions/3.5/lib/python3.5/ctypes/__init__.py, modulename: __init__, funcname: c_wchar_p
filename: /Library/Frameworks/Python.framework/Versions/3.5/lib/python3.5/ctypes/__init__.py, modulename: __init__, funcname: cast
filename: /Library/Frameworks/Python.framework/Versions/3.5/lib/python3.5/ctypes/__init__.py, modulename: __init__, funcname: py_object
filename: /Library/Frameworks/Python.framework/Versions/3.5/lib/python3.5/ctypes/_endian.py, modulename: _endian, funcname: <module>
filename: /Library/Frameworks/Python.framework/Versions/3.5/lib/python3.5/ctypes/_endian.py, modulename: _endian, funcname: BigEndianStructure
filename: /Library/Frameworks/Python.framework/Versions/3.5/lib/python3.5/ctypes/_endian.py, modulename: _endian, funcname: _swapped_meta
filename: /Library/Frameworks/Python.framework/Versions/3.5/lib/python3.5/datetime.py, modulename: datetime, funcname: <module>
filename: /Library/Frameworks/Python.framework/Versions/3.5/lib/python3.5/datetime.py, modulename: datetime, funcname: __new__
filename: /Library/Frameworks/Python.framework/Versions/3.5/lib/python3.5/datetime.py, modulename: datetime, funcname: _check_date_fields
filename: /Library/Frameworks/Python.framework/Versions/3.5/lib/python3.5/datetime.py, modulename: datetime, funcname: _check_int_field
filename: /Library/Frameworks/Python.framework/Versions/3.5/lib/python3.5/datetime.py, modulename: datetime, funcname: _check_time_fields
