Accuracy: [0.999403110845827, 0.99950844422597518, 0.99950844422597518, 0.99959622204276533, 0.99943822197254306, 0.99961377760612335, 0.99956111091604927, 0.999403110845827, 0.99933288859239489, 0.99938555528246897, 0.99943822197254306, 0.99959622204276533, 0.99926266633896277, 0.99954355535269124, 0.99959622204276533, 0.99949088866261715, 0.99952599978933321, 0.99961377760612335, 0.99961377760612335, 0.99961377760612335]: 0.999502299779: 0.000102407034931
Precision: [0.96153846153846156, 0.96296296296296291, 0.93814432989690721, 0.95999999999999996, 0.95652173913043481, 0.96341463414634143, 0.9850746268656716, 0.86813186813186816, 0.9358974358974359, 0.98019801980198018, 0.91176470588235292, 0.94047619047619047, 0.92207792207792205, 0.94186046511627908, 0.95238095238095233, 0.96511627906976749, 0.94186046511627908, 0.96296296296296291, 0.93243243243243246, 0.92405063291139244]: 0.94534335434: 0.0257127775488
Recall: [0.70754716981132071, 0.75728155339805825, 0.80530973451327437, 0.78260869565217395, 0.75862068965517238, 0.80612244897959184, 0.73333333333333328, 0.78217821782178221, 0.68867924528301883, 0.75, 0.70454545454545459, 0.81443298969072164, 0.66355140186915884, 0.79411764705882348, 0.80808080808080807, 0.76146788990825687, 0.78640776699029125, 0.80412371134020622, 0.80232558139534882, 0.8202247191011236]: 0.766547952921: 0.0446459872013
F-score: [0.81521739130434789, 0.84782608695652173, 0.8666666666666667, 0.86227544910179654, 0.84615384615384615, 0.87777777777777777, 0.84076433121019112, 0.82291666666666663, 0.79347826086956519, 0.84978540772532185, 0.79487179487179505, 0.8729281767955801, 0.77173913043478259, 0.86170212765957444, 0.87431693989071024, 0.85128205128205126, 0.8571428571428571, 0.8764044943820225, 0.86250000000000004, 0.86904761904761907]: 0.845739853797: 0.0298049989245
AP: [0.80358918187703154, 0.8527045999906, 0.85533539876534903, 0.86762459825949367, 0.82122220670552493, 0.87252075146892172, 0.80483992240982927, 0.83671419051936424, 0.72192012316742327, 0.82843895925807343, 0.772913948909698, 0.87621996948401171, 0.78074169662980586, 0.82124094964442584, 0.82778317813510349, 0.82785996095971259, 0.85697968026077054, 0.83696952179997675, 0.80680175571107138, 0.8572231000189372]: 0.826482184699: 0.0369007617371
AUROC: [0.85374720246581237, 0.87861439565117383, 0.90260209587983209, 0.89127797188094893, 0.87927516205307266, 0.90303484576160242, 0.86665787499413893, 0.89098358843112457, 0.84429565190842937, 0.87498240366003865, 0.85221997909253944, 0.90717253107151052, 0.83172293512682283, 0.89701485588959451, 0.90400523178427961, 0.88070756112214066, 0.89315991508205372, 0.90203547740579293, 0.90111883542655835, 0.91005961044290085]: 0.883234406257: 0.0223215656862
Time (sec): [31.183139085769653, 30.965418100357056, 31.1892249584198, 31.021972179412842, 29.59337019920349, 30.680219173431396, 30.589171886444092, 27.76318907737732, 29.467418909072876, 32.00881099700928, 28.375800848007202, 28.259257078170776, 31.46153497695923, 30.420756101608276, 32.16614890098572, 32.01000690460205, 32.20467495918274, 32.460927963256836, 32.620463848114014, 31.638953924179077]: 30.8040230036: 1.40253960693
