Accuracy: [0.99950844422597518, 0.99956111091604927, 0.99961377760612335, 0.99947333309925912, 0.99935044415575291, 0.99954355535269124, 0.99929777746567883, 0.99931533302903686, 0.9991573329588147, 0.99945577753590109, 0.99961377760612335, 0.99945577753590109, 0.99926266633896277, 0.99956111091604927, 0.99949088866261715, 0.99950844422597518, 0.99936799971911094, 0.99931533302903686, 0.99935044415575291, 0.99949088866261715]: 0.99943471086: 0.000122461851948
Precision: [0.92500000000000004, 0.97297297297297303, 0.9213483146067416, 0.90243902439024393, 0.84090909090909094, 0.875, 0.8202247191011236, 0.88888888888888884, 0.88764044943820219, 0.86734693877551017, 0.94666666666666666, 0.88311688311688308, 0.85507246376811596, 0.89156626506024095, 0.91489361702127658, 0.82432432432432434, 0.875, 0.91489361702127658, 0.91397849462365588, 0.93617021276595747]: 0.892872647173: 0.0387753778966
Recall: [0.77083333333333337, 0.75789473684210529, 0.84536082474226804, 0.77083333333333337, 0.76288659793814428, 0.81395348837209303, 0.75257731958762886, 0.70588235294117652, 0.67521367521367526, 0.82524271844660191, 0.797752808988764, 0.75555555555555554, 0.64835164835164838, 0.82222222222222219, 0.80373831775700932, 0.80263157894736847, 0.79824561403508776, 0.7350427350427351, 0.74561403508771928, 0.7927927927927928]: 0.769131284477: 0.049034106696
F-score: [0.84090909090909105, 0.8520710059171599, 0.88172043010752676, 0.8314606741573034, 0.80000000000000004, 0.84337349397590355, 0.78494623655913975, 0.78688524590163933, 0.76699029126213603, 0.84577114427860689, 0.86585365853658536, 0.81437125748502992, 0.73749999999999993, 0.8554913294797688, 0.85572139303482586, 0.81333333333333346, 0.83486238532110102, 0.81516587677725127, 0.82125603864734298, 0.85853658536585375]: 0.825310973552: 0.0352418194064
AP: [0.83141453536167254, 0.80837701030633624, 0.86976312746025553, 0.82158882540769573, 0.8574544450379421, 0.85405917196783931, 0.78516946208584237, 0.77287513161184007, 0.75035433528173789, 0.83523172783412958, 0.88187806102307342, 0.80234195168487732, 0.7521949977195197, 0.87908038337282091, 0.87510074173350516, 0.81319805368257969, 0.83193559747555601, 0.80097241415743992, 0.79352206258346025, 0.85627683878943339]: 0.823639443729: 0.0396177619052
AUROC: [0.88536391106578038, 0.87892978352999107, 0.92261886308774366, 0.88534632586548501, 0.88132020040229109, 0.90688883364381434, 0.87614797571749325, 0.85286203471891753, 0.83751887912324197, 0.91250704134926164, 0.8988412384226081, 0.87769865272502767, 0.82408790590464909, 0.911031986058361, 0.90179880446816252, 0.90120152585873503, 0.89900846702317294, 0.86745100073449088, 0.87273665447040061, 0.89634362687607128]: 0.884485185552: 0.0245180950765
Time (sec): [265.18299412727356, 249.91700792312622, 240.35012197494507, 238.3913550376892, 242.04346323013306, 242.190899848938, 275.1510238647461, 274.04699301719666, 264.6858811378479, 273.49189615249634, 239.70567297935486, 242.03700399398804, 241.5701470375061, 252.4886360168457, 238.1895830631256, 241.35458397865295, 237.12376499176025, 238.55358815193176, 236.0913758277893, 234.03457283973694]: 248.33002826: 13.6222784262
