Accuracy: [0.99882377725501215, 0.99894666619851835, 0.99870088831150594, 0.99875355500158003, 0.99898177732523441, 0.99913977739545667, 0.99919244408553065, 0.99912222183209864, 0.99882377725501215, 0.99920999964888868, 0.9991573329588147, 0.99850777711456762, 0.9983146659176293, 0.9990344440153085, 0.99910466626874062, 0.99894666619851835, 0.99905199957866653, 0.99891155507180229, 0.99896422176187638, 0.99892911063516032]: 0.998930866191: 0.000224058787881
Precision: [0.67164179104477617, 0.6607142857142857, 0.6095890410958904, 0.63076923076923075, 0.68888888888888888, 0.70238095238095233, 0.73636363636363633, 0.6330275229357798, 0.66153846153846152, 0.70192307692307687, 0.72527472527472525, 0.57999999999999996, 0.50867052023121384, 0.71794871794871795, 0.64444444444444449, 0.68181818181818177, 0.67241379310344829, 0.62184873949579833, 0.6495726495726496, 0.65322580645161288]: 0.6576027233: 0.0518498085544
Recall: [0.79646017699115046, 0.77083333333333337, 0.839622641509434, 0.78095238095238095, 0.85321100917431192, 0.71084337349397586, 0.82653061224489799, 0.87341772151898733, 0.78899082568807344, 0.83908045977011492, 0.7415730337078652, 0.79816513761467889, 0.88888888888888884, 0.79245283018867929, 0.75324675324675328, 0.83333333333333337, 0.82978723404255317, 0.81318681318681318, 0.80851063829787229, 0.81818181818181823]: 0.807863450768: 0.0425550100683
F-score: [0.72874493927125505, 0.71153846153846156, 0.70634920634920639, 0.69787234042553192, 0.76229508196721318, 0.7065868263473053, 0.77884615384615385, 0.73404255319148926, 0.71966527196652719, 0.76439790575916233, 0.73333333333333328, 0.6718146718146718, 0.64705882352941169, 0.75336322869955163, 0.69461077844311392, 0.74999999999999989, 0.74285714285714288, 0.70476190476190481, 0.72037914691943128, 0.726457399103139]: 0.722748758506: 0.0312628363553
AP: [0.69123314497385413, 0.64530084992280323, 0.67859187553921219, 0.65923821483573453, 0.73061341565415205, 0.57478101079942912, 0.79229391793343007, 0.7492106054353781, 0.69568000812918607, 0.68269828768000385, 0.58341347448489422, 0.63632403406844329, 0.67966031860471876, 0.69474521529057354, 0.58125333042922545, 0.73098133252567377, 0.73119942285674777, 0.66574636338071769, 0.66710282044654556, 0.67601467007954064]: 0.677304115654: 0.0546418676217
AUROC: [0.89784309839900356, 0.88508254786105356, 0.91931005439760416, 0.8900540788628446, 0.92623613093932722, 0.85520192198319112, 0.91301031174991087, 0.9363572618635142, 0.89410844997488303, 0.91926770241252997, 0.87056672890534548, 0.8985285083355965, 0.9436970340018016, 0.89593620825601128, 0.87634210739598806, 0.9162972995157187, 0.91455950996634239, 0.90619777437311855, 0.90389483522124403, 0.9087128073375722]: 0.903560218588: 0.021211971935
Time (sec): [5.865628957748413, 4.795849084854126, 5.566823959350586, 4.610751152038574, 6.285084962844849, 7.0705249309539795, 4.013236999511719, 7.2918431758880615, 5.8234968185424805, 5.498373031616211, 6.080086946487427, 5.651313781738281, 6.054526090621948, 5.50391697883606, 6.400792121887207, 6.040294885635376, 5.710342884063721, 6.7188880443573, 6.297531843185425, 5.906805992126465]: 5.85930563211: 0.760039270452
