Accuracy: [0.99920999964888868, 0.99924511077560474, 0.99912222183209864, 0.9991573329588147, 0.99943822197254306, 0.99942066640918503, 0.99926266633896277, 0.99926266633896277, 0.99913977739545667, 0.99922755521224671, 0.99922755521224671, 0.99920999964888868, 0.99922755521224671, 0.99935044415575291, 0.99920999964888868, 0.99929777746567883, 0.99931533302903686, 0.99935044415575291, 0.9990344440153085, 0.99919244408553065]: 0.999245110776: 9.59953872019e-05
Precision: [0.76146788990825687, 0.76851851851851849, 0.77669902912621358, 0.79527559055118113, 0.83333333333333337, 0.81553398058252424, 0.75757575757575757, 0.6767676767676768, 0.69791666666666663, 0.73404255319148937, 0.74257425742574257, 0.72826086956521741, 0.73786407766990292, 0.75789473684210529, 0.77272727272727271, 0.78431372549019607, 0.81372549019607843, 0.82075471698113212, 0.72413793103448276, 0.80000000000000004]: 0.764969203708: 0.0406508083741
Recall: [0.81372549019607843, 0.82178217821782173, 0.74766355140186913, 0.82113821138211385, 0.83333333333333337, 0.8571428571428571, 0.80645161290322576, 0.87012987012987009, 0.77011494252873558, 0.78409090909090906, 0.80645161290322576, 0.77011494252873558, 0.81720430107526887, 0.83720930232558144, 0.73118279569892475, 0.81632653061224492, 0.80582524271844658, 0.82857142857142863, 0.78504672897196259, 0.77064220183486243]: 0.804707402178: 0.0342355126304
F-score: [0.78672985781990523, 0.79425837320574155, 0.76190476190476186, 0.80800000000000005, 0.83333333333333337, 0.83582089552238803, 0.78124999999999989, 0.76136363636363635, 0.73224043715846987, 0.75824175824175832, 0.77319587628865982, 0.74860335195530725, 0.77551020408163274, 0.79558011049723754, 0.75138121546961334, 0.80000000000000004, 0.80975609756097566, 0.82464454976303325, 0.75336322869955152, 0.78504672897196259]: 0.783511220842: 0.0285522971644
AP: [0.80189180415593386, 0.74156937829118064, 0.7088907193648053, 0.78121485892929099, 0.8048374865709762, 0.75374952285748409, 0.73881995902055042, 0.75822009891931774, 0.68050342693355714, 0.75867033127416184, 0.73449380787475704, 0.71664400289406993, 0.75798107544064142, 0.7303691410705605, 0.72759050405696846, 0.74696842446825618, 0.78411523271147432, 0.79395817976742855, 0.68518752777853464, 0.7208706167871457]: 0.746327304958: 0.0344499482601
AUROC: [0.90663411337099031, 0.91067125477606403, 0.8736295067712011, 0.91034038949267204, 0.91652598506430327, 0.92840436329286924, 0.90301479518009409, 0.93478366583754657, 0.88480252620942268, 0.89182567046133876, 0.90299721090746754, 0.88483769104458754, 0.90836476285717593, 0.91840245691565658, 0.86541555512319668, 0.90796982129936943, 0.9027455413894736, 0.91411862843876501, 0.892241946844613, 0.88513641409351695]: 0.902143114969: 0.0171174382785
Time (sec): [1.9780569076538086, 1.8220829963684082, 2.154911994934082, 2.021232843399048, 1.7698559761047363, 2.0884499549865723, 1.9330170154571533, 2.123196840286255, 1.898953914642334, 2.067736864089966, 1.8095519542694092, 1.8275160789489746, 1.6632709503173828, 1.7581560611724854, 1.7403600215911865, 1.8720028400421143, 1.735841989517212, 1.6334099769592285, 1.629615068435669, 2.058820962905884]: 1.8793020606: 0.162324059941
