Accuracy: [0.98068888030616908, 0.98119799164355181, 0.98139110284049014, 0.98003932446192199, 0.97977599101155155, 0.98053088023594681, 0.98086443593974926, 0.98005688002528002, 0.98158421403742846, 0.98039043572908258, 0.9819704364313051, 0.97989887995505776, 0.9818475474877989, 0.97995154664513184, 0.98174221410765072, 0.9819704364313051, 0.98193532530458905, 0.9798637688283417, 0.98089954706646532, 0.9805835469260209]: 0.980859169271: 0.00077356314533
Precision: [0.072463768115942032, 0.077192982456140355, 0.08347978910369068, 0.06816292601828762, 0.056338028169014086, 0.081149619611158075, 0.067299396031061262, 0.069883527454242922, 0.083704363312555652, 0.061643835616438353, 0.080689029918404348, 0.069901315789473686, 0.072610294117647065, 0.083061889250814328, 0.067456700091157701, 0.076712328767123292, 0.078324225865209471, 0.074468085106382975, 0.07260155574762317, 0.067579127459366978]: 0.0732361394001: 0.00726100120968
Recall: [0.87628865979381443, 0.82242990654205606, 0.8482142857142857, 0.83673469387755106, 0.83950617283950613, 0.81355932203389836, 0.89655172413793105, 0.82352941176470584, 0.82456140350877194, 0.77419354838709675, 0.87254901960784315, 0.85858585858585856, 0.75961538461538458, 0.86440677966101698, 0.81318681318681318, 0.83999999999999997, 0.83495145631067957, 0.85046728971962615, 0.84848484848484851, 0.83157894736842108]: 0.836469776307: 0.0313458038576
F-score: [0.13385826771653545, 0.14113873295910184, 0.15199999999999997, 0.12605687932359724, 0.10559006211180125, 0.14757878554957726, 0.12520064205457465, 0.12883435582822086, 0.15198059822150362, 0.11419508326724821, 0.14771784232365145, 0.12927756653992395, 0.1325503355704698, 0.15156017830609211, 0.12457912457912458, 0.14058577405857742, 0.14321398834304747, 0.13694507148231752, 0.13375796178343949, 0.12499999999999999]: 0.134581062501: 0.0123898672007
AP: [0.1089444411996987, 0.11367269994663373, 0.1204857990883141, 0.10368795327197863, 0.081696508914048366, 0.11584326679622006, 0.10745953825206372, 0.10587296827768701, 0.12000760244126556, 0.091351147335582222, 0.12374748356405259, 0.10492668014706329, 0.096770982906115521, 0.1301531146042976, 0.098927233911031601, 0.11564983675881611, 0.1103085306675203, 0.10963297270539027, 0.10577776562696835, 0.10060408367548199]: 0.108276030505: 0.0111093630874
AUROC: [0.92857781270707163, 0.90196334831104219, 0.91493387988440755, 0.90851049550377272, 0.90974095583133163, 0.89721840565138722, 0.93877256536566878, 0.90193354161925055, 0.90323025143071578, 0.87746059279419197, 0.9273578724490148, 0.91934797387376399, 0.87093471049334781, 0.92229909034419499, 0.89759936745219226, 0.9111100559248706, 0.90857652134551203, 0.91528729009769894, 0.91480746653706224, 0.9062057080556386]: 0.908793395284: 0.0155831907501
Time (sec): [0.08327603340148926, 0.06842398643493652, 0.0674891471862793, 0.05844402313232422, 0.062216997146606445, 0.055480003356933594, 0.05773019790649414, 0.05572199821472168, 0.05371904373168945, 0.056014060974121094, 0.051911115646362305, 0.0559840202331543, 0.06590580940246582, 0.06568598747253418, 0.06428980827331543, 0.0625910758972168, 0.05429697036743164, 0.05753803253173828, 0.06012701988220215, 0.0549468994140625]: 0.0605896115303: 0.00709383113249
