Accuracy: [0.99942064, 0.99924511, 0.99899936, 0.99910468, 0.99926269, 0.99921, 0.99945575, 0.99921, 0.99917489, 0.99935043, 0.99940312, 0.99928021, 0.9993329, 0.99926269, 0.99915731, 0.99940312, 0.99940312, 0.99940312, 0.99906957, 0.9993329]: 0.999274: 0.000125031
Precision: [0.78535604, 0.80909991, 0.6656, 0.77352941, 0.76908022, 0.80834162, 0.73303574, 0.83137673, 0.75158083, 0.79149801, 0.77899998, 0.74659401, 0.75616699, 0.70851624, 0.69550174, 0.79501915, 0.76514447, 0.8200202, 0.77874398, 0.76048464]: 0.766185: 0.0407799
Recall: [0.79816514, 0.83384299, 0.84811419, 0.80428135, 0.80122322, 0.82976556, 0.83690113, 0.79408765, 0.84811419, 0.79714578, 0.79408765, 0.83792049, 0.81243628, 0.82262999, 0.81957185, 0.84607542, 0.83690113, 0.82670742, 0.82161063, 0.83180428]: 0.822069: 0.0180934
F-score: [0.83076923076923082, 0.78817733990147776, 0.70769230769230773, 0.74111675126903553, 0.79207920792079201, 0.76923076923076916, 0.84102564102564115, 0.77386934673366836, 0.77725118483412314, 0.81025641025641038, 0.82474226804123707, 0.79601990049751237, 0.81000000000000016, 0.79411764705882359, 0.76923076923076927, 0.82828282828282829, 0.82474226804123707, 0.82653061224489799, 0.71657754010695185, 0.81372549019607843]: 0.791771875667: 0.0365318797426
AP: [0.83328024304995518, 0.74903001452830431, 0.70236709248741391, 0.67973724752594611, 0.76984010309818107, 0.7350896641009359, 0.82313490662952959, 0.76462862467216719, 0.72076513284516286, 0.71828507230949223, 0.80522438778355254, 0.76180958353961181, 0.77053972140138971, 0.76024720859142036, 0.75122571467651544, 0.77285845128145558, 0.79184673810929629, 0.80665134067202182, 0.63822324860921176, 0.80350821691676233]: 0.757914635641: 0.0476898433639
AUROC: [0.9428035, 0.94207722, 0.94943422, 0.94517553, 0.93063742, 0.95456326, 0.95123893, 0.94464278, 0.95325744, 0.92411405, 0.9536137, 0.94595098, 0.94872147, 0.94944346, 0.95335418, 0.95183456, 0.94951248, 0.94675773, 0.94796401, 0.94944197]: 0.946727: 0.00738843
Time (sec): [152.1519079208374, 151.29085612297058, 150.38444995880127, 150.87636399269104, 151.17355394363403, 150.55019783973694, 150.23375701904297, 150.76680088043213, 152.13227701187134, 151.31264281272888, 152.01232814788818, 150.25639295578003, 155.7276759147644, 151.488352060318, 152.18941688537598, 152.11466908454895, 150.17412304878235, 150.11786484718323, 151.58277201652527, 151.92452812194824]: 151.423046529: 1.22390842646
