Accuracy: [0.99964888873283941, 0.99933288859239489, 0.99938555528246897, 0.99945577753590109, 0.99947333309925912, 0.99952599978933321, 0.99942066640918503, 0.999403110845827, 0.99950844422597518, 0.99943822197254306, 0.99945577753590109, 0.99942066640918503, 0.99945577753590109, 0.99964888873283941, 0.99949088866261715, 0.99947333309925912, 0.999403110845827, 0.99943822197254306, 0.99954355535269124, 0.99947333309925912]: 0.999469821987: 7.64423336859e-05
Precision: [0.90909090909090906, 0.82828282828282829, 0.89655172413793105, 0.93181818181818177, 0.87628865979381443, 0.89795918367346939, 0.8314606741573034, 0.84536082474226804, 0.90588235294117647, 0.84466019417475724, 0.91262135922330101, 0.87671232876712324, 0.88172043010752688, 0.94936708860759489, 0.86206896551724133, 0.88764044943820219, 0.84210526315789469, 0.88541666666666663, 0.89772727272727271, 0.8651685393258427]: 0.881395194818: 0.0320322766814
Recall: [0.84337349397590367, 0.79611650485436891, 0.75, 0.76635514018691586, 0.82524271844660191, 0.83809523809523812, 0.80434782608695654, 0.81188118811881194, 0.79381443298969068, 0.84466019417475724, 0.81034482758620685, 0.72727272727272729, 0.80392156862745101, 0.82417582417582413, 0.81521739130434778, 0.79797979797979801, 0.80808080808080807, 0.80188679245283023, 0.82291666666666663, 0.81052631578947365]: 0.804810472843: 0.028533677434
F-score: [0.87500000000000011, 0.81188118811881183, 0.81675392670157065, 0.84102564102564092, 0.84999999999999998, 0.86699507389162567, 0.81767955801104975, 0.8282828282828284, 0.84615384615384615, 0.84466019417475713, 0.85844748858447484, 0.79503105590062118, 0.84102564102564104, 0.88235294117647056, 0.83798882681564235, 0.84042553191489366, 0.82474226804123707, 0.84158415841584155, 0.85869565217391286, 0.83695652173913049]: 0.840784117107: 0.0210050963867
AP: [0.87637525225970292, 0.80360122461841244, 0.75608985367981452, 0.8294647182117465, 0.8327474957976948, 0.87650782079424294, 0.77437218039008426, 0.86067625891387289, 0.85341126452892657, 0.88970759422234302, 0.85792467105868531, 0.7498472979984625, 0.84541832815957685, 0.84212374181446781, 0.85251963212165116, 0.82632509507626195, 0.82429376197441495, 0.80321701013737301, 0.82429261198941894, 0.84676452004900626]: 0.83128401669: 0.0372624367005
AUROC: [0.92162521285408872, 0.8979087598226716, 0.8749208554644905, 0.88312480428570128, 0.91251583503188005, 0.918959679128172, 0.90204203331778809, 0.90580869345969783, 0.89683687445668481, 0.92218939816548418, 0.90509325255044781, 0.86355724136608192, 0.90186405550612792, 0.91205274477944209, 0.90750319187162165, 0.89890196834958802, 0.90390850807993761, 0.90084666061363894, 0.91137919993200389, 0.90515764854836722]: 0.902309830879: 0.0142614816829
Time (sec): [5.093810081481934, 5.516668081283569, 4.804824113845825, 5.116441011428833, 4.921874046325684, 5.110223054885864, 5.998586177825928, 7.135946989059448, 5.616354942321777, 6.11060905456543, 5.216960906982422, 4.907341003417969, 5.114995002746582, 5.5590980052948, 4.735090970993042, 5.31674599647522, 4.800987005233765, 5.2466559410095215, 5.347234010696411, 4.814306020736694]: 5.32423762083: 0.557822384747
