Accuracy: [0.99866577718478988, 0.99898177732523441, 0.9988588883817282, 0.99882377725501215, 0.99905199957866653, 0.99896422176187638, 0.99913977739545667, 0.99905199957866653, 0.99896422176187638, 0.99894666619851835, 0.99898177732523441, 0.99884133281837018, 0.99896422176187638, 0.99889399950844426, 0.99884133281837018, 0.99880622169165412, 0.99908711070538259, 0.99889399950844426, 0.99877111056493806, 0.998735999438222]: 0.998913310628: 0.000119313270865
Precision: [0.84782608695652173, 0.98113207547169812, 1.0, 0.83720930232558144, 0.85416666666666663, 0.86046511627906974, 0.93023255813953487, 0.92682926829268297, 0.91176470588235292, 0.91836734693877553, 0.89795918367346939, 0.89583333333333337, 0.82857142857142863, 0.88235294117647056, 0.8571428571428571, 0.85185185185185186, 0.90909090909090906, 0.90000000000000002, 0.86842105263157898, 0.9375]: 0.894835834221: 0.0450351006428
Recall: [0.3611111111111111, 0.47706422018348627, 0.4144144144144144, 0.375, 0.46590909090909088, 0.41111111111111109, 0.46511627906976744, 0.42696629213483145, 0.35632183908045978, 0.44554455445544555, 0.45360824742268041, 0.41346153846153844, 0.35365853658536583, 0.44117647058823528, 0.41584158415841582, 0.43396226415094341, 0.45454545454545453, 0.43689320388349512, 0.33673469387755101, 0.39473684210526316]: 0.416658887412: 0.0405089524957
F-score: [0.50649350649350644, 0.64197530864197538, 0.5859872611464968, 0.51798561151079126, 0.6029411764705882, 0.55639097744360899, 0.62015503875968991, 0.58461538461538465, 0.51239669421487599, 0.59999999999999998, 0.60273972602739723, 0.56578947368421051, 0.49572649572649569, 0.58823529411764708, 0.55999999999999994, 0.57500000000000007, 0.60606060606060608, 0.58823529411764708, 0.48529411764705876, 0.55555555555555558]: 0.567578876112: 0.0426352531511
AP: [0.62040113790712992, 0.69845322968215928, 0.67325710306203024, 0.58383224948236034, 0.70474061046236014, 0.64501919004475561, 0.67872734167969118, 0.65685376220914715, 0.60258440578543793, 0.65981339993683019, 0.68047490080402206, 0.72876818582096659, 0.59070754228100131, 0.62691089382489529, 0.66045694526702148, 0.61929771070179407, 0.66642257237332814, 0.66052860035401206, 0.566930061514751, 0.64458909849209511]: 0.648438447084: 0.0411561015375
AUROC: [0.68049399436373104, 0.73852331548108052, 0.7072072072072072, 0.68743845179896601, 0.73289300591099293, 0.7055028055203888, 0.73253176637221407, 0.71345677151358522, 0.67813454591385625, 0.72273710373446731, 0.72676015993748988, 0.70668680004437501, 0.67677652567664914, 0.72053547412633712, 0.70785923846601073, 0.71691077890254362, 0.72723756181926891, 0.71840263352865552, 0.66832338239178624, 0.69734203490008451]: 0.70828767788: 0.020258172531
Time (sec): [115.30949687957764, 120.45791292190552, 117.52140712738037, 114.87147498130798, 112.24184799194336, 129.48881888389587, 125.32104301452637, 120.13460993766785, 118.62312602996826, 119.98210287094116, 109.91219115257263, 108.54296708106995, 121.3775520324707, 123.37781190872192, 113.31250500679016, 114.32133889198303, 123.38506078720093, 118.97843790054321, 122.90858697891235, 114.85806798934937]: 118.246318018: 5.21683867929
