Accuracy: [0.99877111056493806, 0.99891155507180229, 0.99892911063516032, 0.9988588883817282, 0.9988588883817282, 0.99882377725501215, 0.99878866612829609, 0.99871844387486397, 0.99898177732523441, 0.99882377725501215, 0.9990344440153085, 0.99878866612829609, 0.99892911063516032, 0.99887644394508623, 0.99894666619851835, 0.99878866612829609, 0.99898177732523441, 0.99892911063516032, 0.99887644394508623, 0.99877111056493806]: 0.99886942172: 8.27908157898e-05
Precision: [0.83018867924528306, 0.9107142857142857, 0.7931034482758621, 0.72580645161290325, 0.82352941176470584, 0.80327868852459017, 0.6785714285714286, 0.8666666666666667, 0.87272727272727268, 0.80769230769230771, 0.86956521739130432, 0.86440677966101698, 0.79661016949152541, 0.88524590163934425, 0.8545454545454545, 0.76595744680851063, 0.85185185185185186, 0.76190476190476186, 0.82978723404255317, 0.66666666666666663]: 0.81294100624: 0.0646834380267
Recall: [0.41904761904761906, 0.47222222222222221, 0.48421052631578948, 0.4838709677419355, 0.42857142857142855, 0.47115384615384615, 0.42696629213483145, 0.36792452830188677, 0.48484848484848486, 0.42424242424242425, 0.449438202247191, 0.45535714285714285, 0.48958333333333331, 0.48648648648648651, 0.47474747474747475, 0.38297872340425532, 0.47916666666666669, 0.38554216867469882, 0.41052631578947368, 0.40909090909090912]: 0.444298788144: 0.0383663368334
F-score: [0.55696202531645567, 0.62195121951219512, 0.60130718954248374, 0.58064516129032262, 0.56375838926174493, 0.59393939393939399, 0.52413793103448281, 0.51655629139072845, 0.62337662337662347, 0.55629139072847678, 0.59259259259259256, 0.59649122807017541, 0.6064516129032258, 0.62790697674418605, 0.61038961038961048, 0.51063829787234039, 0.6133333333333334, 0.51200000000000001, 0.54929577464788737, 0.50704225352112675]: 0.573253364773: 0.0406464591181
AP: [0.6358429327620625, 0.65018309474995351, 0.62212373930531961, 0.6230690587051454, 0.65858785005940601, 0.6489193415751956, 0.58363169734820264, 0.60336041184958955, 0.68461949680062739, 0.61247082636595296, 0.65021649329318643, 0.64948258288035976, 0.64492749599966737, 0.68259647671469026, 0.64507653647403274, 0.59538419828191569, 0.69375669589062072, 0.57233215608196164, 0.575612904599065, 0.57069395601995143]: 0.630144397288: 0.0367051229853
AUROC: [0.7094446635963072, 0.73606713883123631, 0.74199975381152516, 0.74178601755364204, 0.71420657810113353, 0.73547139702957709, 0.71332489874443283, 0.68390949927124733, 0.74236269097602481, 0.71203328148090128, 0.72466635201593455, 0.72760821083050631, 0.74468615546489403, 0.7431816788028639, 0.7373033928614886, 0.69139264650201504, 0.73951299253215164, 0.69268317843183069, 0.70519281833049041, 0.70438721000489124]: 0.722061027759: 0.0191846559596
Time (sec): [81.9507110118866, 82.81247401237488, 88.67653679847717, 88.8630919456482, 84.7386200428009, 85.39776086807251, 93.98277306556702, 86.95919299125671, 85.01766896247864, 83.52994585037231, 82.74367785453796, 85.45225691795349, 78.47510600090027, 100.28646302223206, 85.56034016609192, 89.2802619934082, 83.89852213859558, 88.10369992256165, 87.9162847995758, 93.19775915145874]: 86.8421573758: 4.73446953358
